8
214,416,461,162,347,442,263,127
68,424,317,74,50,348,110,262
102,14,66,88,453,129,131,20
136,455,492,181,417,135,145,137
277,448,72,239,309,223,92,251
186,9,94,194,202,143,6,267
142,43,129,58,470,340,386,330
15,23,114,323,135,55,155,81
9
146,413,61,387,20,348,297,409,401
219,362,194,465,46,364,155,460,13
452,111,143,256,436,18,386,189,418
74,134,368,392,325,165,487,412,211
35,444,164,211,470,12,165,397,150
302,167,26,432,382,202,53,36,372
488,394,67,482,307,453,420,320,394
471,111,130,326,5,250,430,203,342
401,499,360,111,134,204,319,326,419
7
396,185,30,128,10,36,40
110,206,63,444,151,484,17
190,490,233,238,218,39,479
373,74,411,292,302,421,71
387,351,140,307,239,140,211
216,257,15,200,241,88,84
226,308,261,189,120,316,469
4
493,350,424,150
29,255,114,175
330,391,289,25
102,409,195,3
6
218,317,180,51,307,223
344,478,425,417,285,92
352,425,57,220,484,322
267,96,280,99,221,276
224,47,13,21,481,200
51,398,4,31,471,306
10
85,449,124,75,79,340,239,39,467,461
24,489,411,421,114,170,350,396,151,346
183,227,369,292,11,124,320,299,418,295
409,383,133,398,316,125,434,94,78,410
110,37,26,214,100,395,394,290,330,30
134,183,19,381,399,500,347,284,400,48
215,197,418,222,170,204,86,111,59,258
36,373,113,126,319,310,149,101,379,497
437,159,137,190,61,339,309,90,52,25
46,356,106,238,206,57,327,482,135,144
4
395,485,293,489
183,214,218,467
409,45,191,415
331,253,458,124
8
499,344,56,195,158,351,490,95
49,210,361,474,184,207,336,89
223,369,460,266,499,122,214,401
162,456,283,248,106,349,149,198
289,130,50,218,17,39,359,318
180,46,397,434,340,352,416,168
174,378,225,30,350,480,486,353
304,108,286,216,117,151,148,148
10
55,220,9,50,325,34,248,345,332,299
116,55,114,9,42,111,373,305,413,99
177,68,405,47,7,263,83,51,28,229
166,211,181,99,460,315,422,287,406,41
387,430,192,318,54,313,224,77,381,321
187,358,392,92,76,493,320,237,472,466
421,234,473,56,406,483,398,109,394,30
284,484,402,87,180,450,241,23,114,115
198,87,440,217,498,94,221,93,25,476
491,192,250,68,231,201,337,147,361,468
10
419,124,209,363,433,412,270,473,229,33
52,430,120,287,347,40,87,168,284,362
114,199,206,230,98,373,442,249,422,229
175,8,304,288,135,486,214,103,359,445
417,476,106,488,403,342,417,281,436,245
97,139,226,409,115,109,313,484,170,233
161,109,333,117,75,74,306,129,449,349
357,367,0,142,9,145,148,373,107,72
242,14,84,364,124,135,154,157,21,467
347,386,46,294,397,70,281,76,313,148
6
435,415,377,477,32,122
65,74,427,3,85,17
411,24,47,419,429,73
156,343,490,475,231,300
369,104,367,329,496,172
354,386,286,134,360,450
9
168,187,59,96,456,55,292,270,373
358,309,207,375,5,300,468,185,374
419,335,336,112,280,346,273,390,449
30,275,192,56,182,410,242,352,48
495,260,32,495,63,247,455,341,412
98,240,82,4,279,251,397,199,243
480,206,16,99,355,112,153,489,283
439,48,249,311,140,401,416,461,25
12,214,460,246,259,47,492,319,380
6
123,78,455,468,403,313
289,176,490,422,271,327
489,89,417,440,103,92
105,110,356,265,273,15
323,468,137,324,293,151
207,495,19,399,191,483
2
251,494
275,449
2
304,224
260,164
8
56,278,115,461,253,194,173,147
285,167,14,148,224,166,412,185
161,419,290,485,155,315,246,471
152,96,217,78,127,5,319,428
237,48,320,481,214,174,343,174
492,266,500,103,172,484,253,415
352,70,422,383,143,317,330,421
137,268,308,2,339,233,79,240
4
222,471,217,174
218,367,470,229
158,44,114,202
177,201,292,432
9
104,201,91,308,129,319,174,189,133
32,232,142,212,211,258,469,423,268
113,381,15,41,429,387,394,275,7
341,462,28,232,495,257,90,320,8
102,234,142,311,454,474,100,345,301
441,56,267,100,415,129,26,175,443
281,69,289,445,106,160,316,55,78
375,105,283,127,88,32,102,398,491
78,289,22,201,474,384,229,15,277
4
123,382,425,90
391,40,59,343
376,199,312,447
59,497,273,179
10
184,235,129,282,84,278,15,112,405,464
154,314,169,97,11,191,117,266,327,33
210,113,295,313,271,323,401,355,126,103
68,302,458,436,299,30,31,287,412,446
282,81,374,490,61,476,12,450,354,259
449,92,387,382,156,236,142,312,487,354
463,49,126,413,168,249,174,103,32,271
180,168,383,251,147,113,101,326,299,263
229,291,97,237,4,155,273,59,488,324
465,85,322,212,481,134,414,316,315,113
8
106,259,420,21,252,446,152,221
113,260,338,98,479,482,359,331
499,401,265,199,478,100,121,385
153,133,439,348,3,45,96,165
154,226,492,497,351,65,444,444
402,163,214,290,499,65,6,2
278,357,208,62,443,492,53,45
77,129,410,211,454,195,471,243
10
314,434,176,130,85,425,122,297,107,59
345,13,315,365,116,19,161,253,494,228
147,432,131,202,316,493,107,161,467,185
65,228,171,84,476,468,231,412,194,259
329,255,485,300,136,392,79,210,59,248
40,330,80,43,135,424,460,253,37,310
181,478,453,161,402,160,16,17,346,40
390,59,198,390,456,122,192,18,493,346
241,393,466,198,392,470,338,104,480,393
44,94,325,255,39,4,176,435,192,465
8
200,364,38,398,54,36,431,93
305,305,497,341,341,433,72,64
230,75,147,315,193,479,10,212
497,419,322,128,69,264,8,88
331,210,304,346,145,235,320,416
123,201,111,500,473,445,441,35
408,49,36,333,295,416,3,273
56,241,133,149,6,406,475,444
3
205,165,448
169,385,124
120,299,296
6
288,220,121,100,116,237
472,165,388,100,82,214
214,353,477,80,45,349
351,108,312,234,141,206
299,344,172,126,476,307
313,355,471,393,173,211
5
39,11,329,337,363
174,321,241,319,476
99,154,107,494,146
339,54,193,38,139
410,445,465,428,273
6
13,219,336,31,101,261
152,352,151,4,327,0
389,136,483,22,462,84
215,372,82,153,382,442
231,285,379,368,248,157
76,285,67,60,177,219
5
281,304,472,32,263
309,244,199,305,33
332,133,222,409,41
216,54,114,50,116
47,384,363,95,273
2
114,313
286,115
2
399,136
244,258
7
379,98,150,343,4,470,171
490,326,472,123,172,240,384
429,461,325,260,127,11,24
92,9,78,195,154,266,157
235,283,228,148,194,131,356
489,82,169,163,176,366,338
216,305,131,351,331,278,180
9
96,14,271,42,3,179,310,466,441
353,55,329,445,126,329,483,360,417
392,238,255,39,56,337,303,322,363
267,225,402,72,255,66,115,313,385
428,76,407,44,220,445,28,291,85
328,168,30,170,259,271,249,235,185
350,19,256,16,97,377,222,470,362
223,417,366,476,335,464,489,357,484
268,237,6,129,25,275,222,367,66
6
39,178,465,58,329,54
198,276,119,270,455,164
338,387,174,468,3,173
491,297,366,413,228,479
14,321,175,323,217,484
356,215,212,454,245,183
8
475,436,258,98,288,391,150,238
227,191,249,5,241,141,226,134
58,61,338,402,290,181,210,39
135,57,29,98,207,62,247,378
175,381,144,466,298,94,17,285
63,457,75,471,9,446,452,458
198,247,6,435,75,214,13,41
213,296,394,369,6,312,491,183
9
134,402,433,458,366,234,419,105,347
134,380,176,69,103,2,84,174,59
399,203,226,245,138,207,379,234,350
361,12,435,326,386,100,181,80,192
9,499,73,477,3,70,152,442,140
333,461,438,251,259,112,265,252,403
370,303,424,196,197,83,347,476,277
79,12,236,39,27,494,426,197,331
449,26,278,128,446,410,278,360,426
8
424,482,50,46,423,300,117,209
439,344,452,364,431,474,339,431
462,246,174,456,140,66,111,416
197,289,40,433,486,22,157,320
197,121,43,223,116,370,200,349
92,39,168,316,239,48,345,105
137,302,458,65,107,31,358,419
100,3,97,160,408,411,399,346
3
41,488,231
149,395,326
467,312,92
10
492,165,493,453,499,11,196,339,194,80
40,395,492,478,24,11,445,460,167,406
35,412,52,264,489,450,424,295,73,225
298,432,375,482,146,210,178,25,8,194
226,459,69,52,274,95,238,444,374,346
42,136,401,482,483,408,230,203,61,91
371,238,372,488,21,34,422,95,270,118
84,203,268,355,167,416,342,14,274,38
472,106,367,153,491,253,137,348,496,122
143,146,120,42,64,20,369,480,170,149
2
129,39
49,172
